369.85	9.61	0.08	0.12	1                                                         
379.69	9.58	0.08	0.11	2                                                         
389.53	9.55	0.07	0.10	3                                                         
399.37	9.53	0.07	0.10	4                                                         
409.21	9.50	0.07	0.09	5                                                         
419.06	9.48	0.07	0.08	6                                                         
428.91	9.46	0.06	0.07	7                                                         
438.76	9.44	0.06	0.06	8                                                         
448.61	9.42	0.06	0.06	9                                                         
458.46	9.40	0.06	0.05	10                                                        
468.31	9.38	0.06	0.05	11                                                        
478.17	9.37	0.06	0.05	12                                                        
488.02	9.35	0.06	0.05	13                                                        
497.88	9.34	0.06	0.05	14                                                        
507.74	9.33	0.06	0.05	15                                                        
517.60	9.31	0.06	0.05	16                                                        
527.47	9.30	0.06	0.05	17                                                        
537.33	9.29	0.06	0.05	18                                                        
547.20	9.28	0.06	0.05	19                                                        
557.07	9.28	0.06	0.05	20                                                        
566.94	9.27	0.06	0.05	21                                                        
576.81	9.26	0.06	0.05	22                                                        
586.68	9.26	0.06	0.05	23                                                        
596.56	9.26	0.06	0.05	24                                                        
606.43	9.25	0.06	0.05	25                                                        
616.31	9.25	0.06	0.05	26                                                        
626.19	9.25	0.06	0.05	27                                                        
636.07	9.25	0.06	0.05	28                                                        
645.96	9.26	0.06	0.05	29                                                        
655.84	9.26	0.06	0.05	30                                                        
665.73	9.26	0.39	0.05	31                                                        
675.62	9.27	0.06	0.05	32                                                        
664.14	8.30	0.06	0.05	33                                                        
673.72	8.31	0.06	0.05	34                                                        
683.30	8.33	0.06	0.05	35                                                        
692.88	8.34	0.06	0.05	36                                                        
702.46	8.35	0.06	0.05	37                                                        
712.04	8.36	0.06	0.05	38                                                        
721.63	8.37	0.06	0.05	39                                                        
731.21	8.39	0.06	0.05	40                                                        
740.80	8.40	0.06	0.05	41                                                        
750.38	8.41	0.06	0.05	42                                                        
759.97	8.42	0.06	0.05	43                                                        
769.56	8.43	0.06	0.05	44                                                        
779.14	8.44	0.06	0.05	45                                                        
788.73	8.45	0.06	0.05	46                                                        
798.32	8.46	0.06	0.05	47                                                        
807.91	8.46	0.06	0.05	48                                                        
817.50	8.47	0.06	0.05	49                                                        
827.09	8.48	0.06	0.05	50                                                        
836.68	8.49	0.06	0.05	51                                                        
846.28	8.50	0.06	0.05	52                                                        
855.87	8.50	0.06	0.05	53                                                        
865.47	8.51	0.06	0.05	54                                                        
875.06	8.52	0.06	0.05	55                                                        
884.66	8.53	0.06	0.05	56                                                        
894.25	8.53	0.06	0.05	57                                                        
903.85	8.54	0.06	0.05	58                                                        
913.45	8.54	0.06	0.05	59                                                        
923.05	8.55	0.06	0.05	60                                                        
932.64	8.55	0.06	0.05	61                                                        
942.24	8.56	0.06	0.05	62                                                        
951.85	8.56	0.06	0.05	63                                                        
961.45	8.57	0.06	0.05	64                                                        
971.05	8.57	0.06	0.05	65                                                        
980.65	8.57	0.06	0.05	66                                                        
990.25	8.58	0.06	0.05	67                                                        
999.86	8.58	0.06	0.05	68                                                        
1009.46	8.58	0.06	0.05	69                                                       
1019.07	8.58	0.06	0.05	70                                                       
1028.68	8.59	0.06	0.05	71                                                       
1038.28	8.59	0.06	0.05	72                                                       
1047.89	8.59	0.06	0.05	73                                                       
1057.50	8.59	0.06	0.05	74                                                       
1067.11	8.59	0.06	0.05	75                                                       
1076.72	8.59	0.06	0.05	76                                                       
1086.33	8.59	0.06	0.05	77                                                       
1095.94	8.59	0.06	0.05	78                                                       
1105.55	8.59	0.06	0.05	79                                                       
1115.16	8.59	0.06	0.05	80                                                       
1124.78	8.59	0.06	0.05	81                                                       
1134.39	8.59	0.06	0.05	82                                                       
1144.01	8.59	0.06	0.05	83                                                       
1153.62	8.59	0.06	0.05	84                                                       
1163.24	8.58	0.06	0.05	85                                                       
1172.86	8.58	0.06	0.05	86                                                       
1182.47	8.58	0.06	0.05	87                                                       
1192.09	8.58	0.06	0.05	88                                                       
1201.71	8.57	0.06	0.05	89                                                       
1211.33	8.57	0.06	0.05	90                                                       
1220.95	8.57	0.06	0.05	91                                                       
1230.57	8.56	0.06	0.05	92                                                       
1240.19	8.56	0.06	0.05	93                                                       
1249.82	8.55	0.06	0.05	94                                                       
1259.44	8.55	0.06	0.05	95                                                       
1269.06	8.54	0.06	0.05	96                                                       
1254.32	10.86	0.09	0.10	97                                                      
1264.28	10.87	0.09	0.10	98                                                      
1274.24	10.88	0.09	0.10	99                                                      
1284.20	10.89	0.09	0.10	100                                                     
1294.15	10.89	0.09	0.10	101                                                     
1304.11	10.90	0.09	0.10	102                                                     
1314.07	10.90	0.09	0.10	103                                                     
1324.03	10.91	0.09	0.10	104                                                     
1333.99	10.91	0.09	0.10	105                                                     
1343.95	10.91	0.09	0.10	106                                                     
1353.91	10.92	0.09	0.10	107                                                     
1363.87	10.92	0.09	0.10	108                                                     
1373.82	10.92	0.09	0.10	109                                                     
1383.78	10.92	0.09	0.10	110                                                     
1393.74	10.92	0.09	0.10	111                                                     
1403.70	10.92	0.09	0.12	112                                                     
1413.66	10.92	0.09	0.10	113                                                     
1423.61	10.92	0.09	0.10	114                                                     
1433.57	10.92	0.09	0.10	115                                                     
1443.53	10.91	0.09	0.10	116                                                     
1453.49	10.91	0.09	0.10	117                                                     
1463.44	10.91	0.09	0.10	118                                                     
1473.40	10.90	0.09	0.10	119                                                     
1483.36	10.90	0.09	0.10	120                                                     
1493.31	10.89	0.09	0.10	121                                                     
1503.27	10.88	0.11	0.11	122                                                     
1513.23	10.88	0.09	0.10	123                                                     
1523.18	10.87	0.11	0.11	124                                                     
1533.14	10.86	0.10	0.11	125                                                     
1543.10	10.85	0.09	0.10	126                                                     
1553.05	10.84	0.12	0.11	127                                                     
1563.01	10.83	0.09	0.10	128                                                     
1572.97	10.82	0.10	0.10	129                                                     
1582.92	10.81	0.09	0.10	130                                                     
1592.88	10.80	0.09	0.10	131                                                     
1602.83	10.79	0.10	0.10	132                                                     
1612.79	10.77	0.10	0.10	133                                                     
1622.74	10.76	0.10	0.10	134                                                     
1632.70	10.75	0.09	0.10	135                                                     
1642.65	10.73	0.10	0.10	136                                                     
1652.61	10.72	0.10	0.10	137                                                     
1662.56	10.70	0.10	0.10	138                                                     
1672.52	10.69	0.09	0.10	139                                                     
1682.47	10.67	0.11	0.11	140                                                     
1692.43	10.65	0.09	0.10	141                                                     
1702.38	10.63	0.11	0.11	142                                                     
1712.34	10.61	0.11	0.11	143                                                     
1722.29	10.59	0.11	0.11	144                                                     
1732.25	10.57	0.11	0.11	145                                                     
1742.20	10.55	0.12	0.12	146                                                     
1752.15	10.53	0.10	0.11	147                                                     
1762.11	10.51	0.10	0.11	148                                                     
1772.06	10.49	0.09	0.10	149                                                     
1782.02	10.47	0.09	0.10	150                                                     
1791.97	10.44	0.09	0.10	151                                                     
1801.92	10.42	0.09	0.10	152                                                     
1811.88	10.39	0.09	0.10	153                                                     
1821.83	10.37	0.09	0.10	154                                                     
1831.78	10.34	0.09	0.10	155                                                     
1841.73	10.32	0.09	0.10	156                                                     
1851.69	10.29	0.09	0.10	157                                                     
1861.64	10.26	0.09	0.10	158                                                     
1871.59	10.23	0.09	0.10	159                                                     
1881.54	10.21	0.09	0.10	160                                                     
1878.30	11.18	0.08	0.10	161                                                     
1888.34	11.16	0.08	0.10	162                                                     
1898.39	11.14	0.09	0.11	163                                                     
1908.43	11.13	0.08	0.10	164                                                     
1918.46	11.11	0.08	0.10	165                                                     
1928.50	11.09	0.08	0.10	166                                                     
1938.53	11.08	0.09	0.10	167                                                     
1948.56	11.06	0.08	0.10	168                                                     
1958.59	11.04	0.09	0.11	169                                                     
1968.62	11.02	0.11	0.11	170                                                     
1978.64	11.01	0.08	0.11	171                                                     
1988.67	10.99	0.09	0.11	172                                                     
1998.69	10.97	0.09	0.10	173                                                     
2008.70	10.95	0.09	0.11	174                                                     
2018.72	10.94	0.09	0.11	175                                                     
2028.73	10.92	0.09	0.11	176                                                     
2038.74	10.90	0.09	0.11	177                                                     
2048.75	10.88	0.10	0.10	178                                                     
2058.76	10.87	0.09	0.11	179                                                     
2068.76	10.85	0.09	0.11	180                                                     
2078.77	10.83	0.09	0.11	181                                                     
2088.77	10.81	0.10	0.11	182                                                     
2098.77	10.80	0.09	0.11	183                                                     
2108.76	10.78	0.09	0.11	184                                                     
2118.76	10.76	0.09	0.11	185                                                     
2128.75	10.74	0.09	0.10	186                                                     
2138.74	10.72	0.09	0.11	187                                                     
2148.72	10.71	0.09	0.11	188                                                     
2158.71	10.69	0.09	0.11	189                                                     
2168.69	10.67	0.09	0.11	190                                                     
2178.67	10.65	0.10	0.11	191                                                     
2188.65	10.63	0.09	0.10	192                                                     
2198.63	10.62	0.09	0.11	193                                                     
2208.60	10.60	0.08	0.11	194                                                     
2218.57	10.58	0.08	0.11	195                                                     
2228.54	10.56	0.10	0.11	196                                                     
2238.51	10.54	0.09	0.11	197                                                     
2248.48	10.52	0.09	0.11	198                                                     
2258.44	10.50	0.09	0.11	199                                                     
2268.40	10.49	0.09	0.11	200                                                     
2278.36	10.47	0.09	0.11	201                                                     
2288.32	10.45	0.09	0.11	202                                                     
2298.27	10.43	0.09	0.11	203                                                     
2308.22	10.41	0.10	0.11	204                                                     
2318.17	10.39	0.12	0.11	205                                                     
2328.12	10.37	0.12	0.11	206                                                     
2338.07	10.35	0.09	0.11	207                                                     
2348.01	10.34	0.10	0.11	208                                                     
2357.95	10.32	0.09	0.11	209                                                     
2367.89	10.30	0.09	0.11	210                                                     
2377.83	10.28	0.09	0.11	211                                                     
2387.76	10.26	0.09	0.11	212                                                     
2397.69	10.24	0.09	0.11	213                                                     
2407.62	10.22	0.09	0.11	214                                                     
2417.55	10.20	0.08	0.11	215                                                     
2427.48	10.18	0.08	0.10	216                                                     
2437.40	10.16	0.09	0.11	217                                                     
2447.32	10.14	0.09	0.11	218                                                     
2457.24	10.12	0.09	0.11	219                                                     
2467.16	10.11	0.08	0.11	220                                                     
2477.08	10.09	0.08	0.10	221                                                     
2486.99	10.07	0.08	0.11	222                                                     
2496.90	10.05	0.08	0.10	223                                                     
2506.81	10.03	0.08	0.10	224                                                     
